1000 9905
806 605
902 192
426 153
134 350
925 97
105 478
825 53
989 890
354 487
881 668
102 628
234 781
237 90
42 88
815 455
896 805
325 695
363 524
29 511
805 334
184 376
956 750
369 780
297 63
444 360
104 463
905 714
365 472
576 953
244 735
842 74
407 23
429 955
74 442
773 642
320 22
855 241
896 943
235 181
420 17
938 594
499 568
26 168
282 222
548 313
47 338
955 836
748 445
842 54
74 156
956 18
995 748
90 23
81 569
687 275
486 112
514 167
511 581
965 896
804 172
64 727
319 417
803 108
383 558
885 424
38 880
530 947
72 113
185 822
58 44
261 393
135 480
708 38
582 523
509 885
972 627
935 377
383 780
529 826
206 783
263 444
11 303
893 239
713 601
327 521
988 709
261 171
393 995
727 104
929 145
747 886
969 630
403 54
186 682
207 964
815 645
184 71
38 806
555 200
574 884
856 633
947 674
56 1
75 303
973 458
151 626
961 281
389 809
749 191
485 688
414 756
796 752
717 965
593 703
242 423
425 221
711 235
714 605
660 603
347 800
773 964
961 44
711 120
715 125
476 559
409 482
446 519
250 140
771 332
520 204
313 850
278 204
58 485
968 678
838 404
3 103
520 859
169 371
813 586
852 16
550 363
168 181
831 954
540 437
463 516
139 500
305 972
291 177
55 184
291 712
709 427
253 895
510 298
466 796
999 470
586 777
591 56
63 627
613 411
176 93
230 224
822 484
96 132
828 589
758 650
126 875
140 591
822 407
551 623
572 586
441 184
484 250
194 337
894 293
381 898
612 766
522 194
906 101
986 279
380 42
487 838
612 333
65 518
856 823
730 784
837 988
932 800
238 43
494 145
26 923
789 32
81 284
635 917
88 592
929 46
68 558
507 6
866 223
844 191
281 995
265 422
776 43
186 928
670 406
565 228
566 583
164 515
902 581
338 778
246 387
527 88
674 572
765 161
592 580
759 195
544 16
395 686
454 207
455 290
900 445
631 901
971 814
875 351
213 796
452 548
714 851
967 391
10 858
942 323
834 472
691 65
359 471
240 805
774 904
352 367
634 125
692 605
420 440
645 673
335 15
619 112
453 176
571 501
365 996
314 790
991 944
244 203
962 906
784 90
804 149
460 728
681 742
287 434
14 786
400 738
352 642
118 40
119 751
176 121
214 513
703 801
271 634
993 918
978 194
162 866
86 591
935 688
917 165
849 733
542 850
856 18
492 641
778 76
618 271
945 757
119 405
877 754
266 763
531 506
388 875
387 252
670 65
485 389
915 154
111 319
158 388
990 589
534 867
242 269
596 844
83 883
229 529
899 543
593 374
578 450
297 458
386 745
385 986
321 500
411 70
809 959
312 641
535 20
804 614
249 593
187 620
745 970
975 221
265 926
400 243
277 595
460 751
926 800
1000 972
505 498
88 134
235 41
349 33
520 787
743 337
504 182
404 569
831 82
287 140
737 9
670 212
991 916
202 743
633 185
135 217
339 450
124 564
451 284
876 619
589 542
457 947
528 202
253 9
533 183
590 952
811 957
45 381
817 236
486 401
567 408
484 178
893 725
371 736
873 166
690 852
638 870
324 746
846 883
741 103
7 999
266 303
199 383
328 636
772 725
4 895
298 92
963 834
129 639
677 521
787 496
312 976
479 44
514 943
420 506
740 391
852 569
9 993
964 719
507 812
491 355
473 236
381 971
404 789
283 127
492 158
638 155
679 501
900 486
248 539
639 497
397 311
517 379
97 778
369 621
607 228
977 558
666 726
169 278
586 417
480 220
170 904
413 744
430 190
503 796
876 282
684 613
903 389
282 497
362 35
278 877
357 153
512 909
710 800
749 838
862 639
719 18
166 950
64 552
2 789
448 695
822 281
386 734
479 686
120 239
34 163
141 765
882 415
168 677
120 350
50 697
337 21
94 898
555 412
266 481
449 819
910 879
632 360
962 297
980 930
328 521
955 612
151 687
307 917
819 952
259 534
423 795
655 313
156 182
689 419
706 196
377 714
963 719
912 843
930 540
933 939
346 727
438 719
422 160
212 764
531 128
260 170
66 841
753 846
325 972
965 523
145 94
919 366
408 824
596 457
870 728
429 926
389 693
218 687
920 201
887 715
981 258
729 217
876 88
531 463
606 113
268 266
724 484
467 117
654 267
698 763
500 515
718 766
940 588
988 819
590 564
511 469
439 24
12 551
872 825
279 435
597 692
361 308
936 654
319 803
605 201
456 448
737 74
930 916
244 103
446 996
831 178
500 824
854 859
512 536
159 639
879 764
741 763
119 699
690 683
674 292
859 864
772 873
758 399
232 340
472 739
253 418
971 763
935 284
884 324
671 294
413 82
531 627
910 599
94 777
310 986
573 960
445 261
744 350
764 129
470 28
293 573
940 468
65 950
403 854
946 793
963 909
871 696
413 372
8 732
58 622
582 821
712 360
815 521
500 176
271 251
365 236
772 316
556 667
137 227
545 238
639 730
142 76
4 85
771 124
138 671
748 962
964 775
89 75
60 348
44 953
209 802
874 888
126 709
899 849
795 128
541 444
9 539
709 586
982 726
586 263
948 418
532 673
202 12
115 741
97 818
169 477
856 1
639 286
974 721
525 249
913 863
93 215
738 172
331 751
633 66
838 147
382 239
590 528
754 898
437 283
562 209
671 817
908 37
965 20
720 857
42 893
529 937
582 100
662 143
956 424
116 189
867 863
926 272
432 212
182 32
241 676
659 179
356 333
813 130
210 345
189 845
742 187
693 461
107 347
767 732
243 336
794 576
320 819
600 783
841 555
695 384
644 386
941 512
212 880
877 642
39 45
320 721
872 30
855 847
173 908
894 165
599 330
144 670
142 953
470 282
616 995
809 668
768 457
691 681
73 389
265 338
307 235
697 311
276 694
243 829
155 431
13 773
730 297
353 490
316 218
243 938
134 847
620 360
394 1000
1 886
598 339
537 981
166 463
334 541
923 192
373 57
84 76
362 298
456 683
41 887
334 652
916 591
826 761
999 170
433 205
400 914
735 764
724 131
665 829
230 508
733 459
516 631
610 374
405 464
210 904
80 106
603 995
604 344
839 739
642 61
3 493
775 891
98 565
598 910
356 979
803 114
16 864
769 166
805 544
133 567
889 919
447 299
413 839
778 513
846 39
188 661
651 23
375 533
231 593
287 707
608 232
536 373
681 780
811 973
225 664
124 394
253 362
219 422
369 373
261 181
43 53
671 510
327 692
328 750
665 689
704 857
544 558
906 141
873 822
251 998
323 277
513 869
164 791
309 202
259 573
117 785
751 289
431 347
927 678
159 840
705 654
542 267
148 188
434 412
928 915
403 363
248 830
853 239
823 979
17 285
66 866
269 191
189 104
709 625
535 277
97 777
136 731
585 524
181 618
335 416
399 903
718 739
503 521
546 784
983 709
620 129
128 633
464 845
207 11
984 716
306 456
126 217
239 807
918 195
686 95
871 97
948 407
348 226
370 614
595 35
926 118
715 842
147 326
959 384
119 726
101 359
358 286
909 614
769 51
76 555
223 660
663 603
941 277
557 766
983 254
146 569
238 307
405 936
617 106
546 182
105 158
343 140
682 534
591 410
629 723
856 861
411 487
255 869
347 358
830 369
778 404
652 328
678 645
436 48
60 740
61 669
935 191
547 716
7 744
122 780
695 134
696 83
313 163
803 185
459 991
133 274
201 930
35 796
911 807
95 64
406 661
833 127
268 654
911 852
951 907
916 958
978 999
740 666
966 49
540 145
905 564
45 881
156 746
984 27
519 869
666 299
424 178
633 820
302 55
491 138
364 404
757 155
580 740
304 439
432 380
123 839
624 224
606 912
187 482
103 142
153 39
872 841
46 282
175 754
414 350
609 126
921 42
184 450
689 6
304 100
324 111
782 398
718 187
618 119
380 838
141 736
589 438
601 900
668 779
532 177
193 695
251 723
12 531
633 59
402 691
590 637
827 382
367 169
637 645
581 675
967 654
125 871
94 782
845 110
846 825
759 744
321 434
618 696
972 887
422 400
596 955
333 299
105 404
363 680
394 512
693 525
19 149
114 301
105 739
490 883
947 817
217 12
368 416
645 90
460 400
251 381
877 225
535 639
347 782
722 974
288 983
250 63
503 387
30 785
611 297
550 88
53 592
754 511
701 196
773 695
355 408
416 756
754 590
938 665
227 722
178 18
951 653
753 654
292 30
754 673
439 345
540 356
502 507
983 903
844 946
663 110
866 854
119 779
706 911
183 965
97 396
318 884
653 229
414 299
382 127
77 467
44 284
651 268
409 937
391 9
824 840
417 502
805 523
129 58
314 118
94 923
690 765
653 455
413 866
822 454
177 271
333 139
225 514
98 880
368 802
129 196
629 998
741 367
245 880
485 161
371 774
929 822
220 545
846 789
67 174
855 217
181 954
635 947
262 725
212 992
484 845
381 707
293 673
299 336
156 255
88 733
52 56
165 359
27 330
834 118
369 939
244 513
878 590
481 337
388 312
84 367
749 395
531 296
131 214
922 759
430 454
681 4
351 960
727 985
657 19
588 636
865 193
173 130
488 748
340 661
931 810
569 735
953 870
917 259
311 20
758 935
797 813
520 706
615 611
194 693
995 583
716 786
418 973
737 233
52 594
632 1
480 382
617 851
263 183
270 753
254 562
383 900
404 127
650 371
120 324
29 662
494 805
380 910
713 629
932 565
536 374
935 342
741 387
275 379
397 948
422 259
578 659
890 673
191 132
46 889
380 195
110 44
238 93
712 278
393 166
303 431
621 352
473 464
990 559
310 685
42 71
939 223
541 63
63 303
194 394
644 312
826 711
847 851
958 472
65 159
586 502
655 88
455 454
597 233
139 769
231 415
697 707
188 306
669 701
305 618
733 431
307 484
894 552
184 601
972 466
960 394
541 611
41 540
486 922
645 453
995 640
232 896
550 322
239 711
226 462
409 214
874 482
488 697
785 339
274 984
667 851
447 539
931 966
163 80
864 291
743 85
233 276
789 420
794 453
188 596
444 718
708 259
744 22
15 997
716 822
827 119
59 993
560 778
512 685
125 96
327 996
592 635
737 358
668 800
975 676
262 81
340 877
414 172
133 716
427 35
998 688
157 214
860 283
419 711
349 794
868 830
105 302
841 109
254 649
857 436
214 11
507 127
90 13
950 703
511 607
3 925
320 538
584 683
790 947
310 649
96 773
846 580
686 980
963 689
503 152
450 772
978 430
437 570
131 483
169 180
361 493
578 8
501 375
596 746
182 978
114 744
868 449
672 977
303 22
605 658
36 691
532 536
274 376
493 644
740 667
431 178
166 389
848 556
745 896
998 804
650 563
457 444
258 183
442 456
957 503
690 705
35 347
109 726
841 151
359 581
480 105
196 57
27 285
905 870
772 431
547 325
131 289
555 830
349 746
908 402
927 118
641 265
793 118
728 605
233 129
819 902
750 926
63 973
138 404
512 649
575 321
91 412
842 636
742 157
375 988
656 744
646 983
997 33
766 768
295 12
775 262
467 923
444 852
953 52
234 817
660 949
863 750
555 41
578 330
896 785
359 959
622 3
920 132
535 920
432 406
647 622
317 391
229 587
398 791
14 153
804 546
24 713
769 996
919 430
127 385
678 19
166 339
8 225
178 817
938 759
614 876
740 703
870 762
320 34
504 959
583 35
487 142
415 725
127 231
239 793
75 776
404 706
421 364
369 555
407 969
947 236
416 612
774 911
378 989
4 427
316 389
46 234
605 265
532 897
934 565
340 370
303 622
610 336
780 26
343 642
110 763
1 325
828 270
704 260
723 32
870 145
659 776
974 147
225 400
978 46
637 363
250 837
414 458
417 358
881 825
185 770
45 278
319 331
620 654
90 897
664 848
738 833
211 963
654 230
971 665
54 159
937 793
683 301
811 880
732 261
828 891
121 818
858 317
986 502
527 865
565 797
242 38
738 931
838 469
426 161
46 866
17 900
39 47
5 235
65 912
925 432
603 144
52 138
398 442
165 405
256 415
310 710
403 480
378 658
296 12
890 620
88 734
843 798
401 263
807 955
77 602
155 304
138 558
472 172
864 958
612 160
575 316
445 71
319 626
828 112
184 463
350 92
522 539
598 565
528 980
179 84
531 299
244 630
582 868
924 266
311 129
714 882
96 735
922 871
779 946
410 51
247 530
642 358
264 809
26 195
634 412
173 368
580 734
545 677
396 484
895 23
328 487
762 312
49 435
103 64
909 781
823 331
240 546
850 295
414 260
186 239
104 556
728 614
722 564
220 450
103 439
362 895
163 866
850 984
979 644
784 502
901 577
6 111
210 458
510 617
449 691
87 225
931 726
678 524
8 452
94 711
206 721
48 671
216 593
695 535
698 297
169 957
955 714
151 757
726 139
873 965
786 820
31 114
631 266
388 104
293 258
427 386
212 628
388 730
806 130
865 838
863 439
276 741
761 661
189 132
320 477
156 115
673 393
934 38
592 137
857 27
382 542
670 384
635 410
268 379
108 122
550 97
844 646
500 508
374 477
140 317
433 269
487 214
951 458
511 220
439 275
948 916
26 180
409 292
763 431
356 975
361 547
871 445
203 355
808 13
240 767
370 642
652 134
235 308
348 77
741 994
334 392
561 324
45 43
174 305
477 689
704 332
727 492
101 276
324 117
970 515
898 292
816 229
168 680
78 175
704 618
499 150
29 889
638 935
860 357
453 713
178 878
849 252
778 176
229 146
20 211
404 89
212 827
546 39
910 572
587 913
850 625
305 401
302 812
564 391
470 102
56 150
595 703
545 86
972 527
523 850
751 689
612 233
117 533
911 801
350 133
133 417
246 42
670 600
583 937
725 55
592 260
408 827
889 326
436 663
749 338
611 177
959 715
49 648
692 982
625 477
808 203
457 419
169 375
409 256
746 635
766 638
197 417
714 29
394 226
753 625
448 690
22 180
903 597
10 644
463 482
619 136
162 587
642 449
148 522
930 902
405 421
88 415
514 135
888 454
822 809
750 812
533 778
721 602
280 928
691 773
84 570
379 698
50 630
822 504
716 859
571 56
76 762
355 651
977 430
140 587
806 812
20 913
299 170
731 175
234 397
253 447
181 130
54 176
794 940
775 240
924 558
689 375
472 621
786 715
647 314
28 498
47 670
11 476
203 948
534 1000
77 851
318 71
629 487
164 809
950 664
648 918
117 983
562 836
209 500
621 295
722 481
470 509
311 827
248 777
212 684
732 571
53 444
597 319
327 651
325 540
108 412
571 988
204 911
377 453
31 718
13 879
658 100
792 802
408 791
717 86
551 198
32 855
753 819
257 566
314 577
540 247
338 443
445 373
999 818
641 936
696 429
3 71
944 935
526 305
396 46
126 309
921 785
607 334
330 294
295 824
26 31
652 255
249 846
784 975
235 699
165 584
115 949
236 729
488 670
918 137
153 1
465 375
254 187
864 747
185 912
438 34
296 535
620 632
758 882
456 221
484 267
38 678
833 814
25 793
283 671
877 605
492 765
189 699
411 609
86 813
498 189
915 85
859 156
518 9
354 476
6 317
377 933
892 92
682 474
293 687
815 558
247 56
765 699
877 929
604 767
91 980
165 357
995 170
276 348
87 434
751 745
700 621
591 912
29 391
622 894
256 813
956 694
766 837
933 66
313 797
903 878
889 382
268 295
161 849
308 992
244 998
232 934
302 2
620 9
162 913
236 258
818 622
600 229
819 261
296 838
425 614
177 197
969 97
733 456
831 847
278 837
228 656
430 896
768 607
932 450
222 742
244 90
561 424
205 876
159 211
197 812
237 751
453 434
613 404
247 643
726 933
48 84
233 88
430 610
345 694
384 118
202 965
96 320
184 295
760 935
816 73
135 507
500 846
306 871
146 976
384 997
78 195
627 38
204 301
909 620
321 463
942 381
413 23
803 691
168 967
216 594
803 512
860 599
367 961
632 558
69 923
12 906
454 591
683 71
759 496
1 796
445 136
337 519
216 368
568 133
41 267
795 958
289 677
621 384
934 39
574 14
943 479
145 118
761 412
900 482
153 611
83 734
726 820
204 550
697 565
108 138
45 479
165 861
61 284
322 808
514 594
74 153
681 503
97 232
764 980
406 200
729 483
399 382
199 515
693 989
437 861
605 225
154 750
990 421
101 386
983 548
196 426
729 196
150 644
205 676
336 541
376 238
840 157
15 999
381 99
805 705
263 149
730 628
440 762
21 419
7 144
19 654
29 888
30 51
542 239
864 865
168 824
746 269
416 466
72 340
825 890
395 936
224 639
133 859
63 30
835 49
507 384
871 298
753 478
225 923
427 195
252 436
76 234
189 453
356 330
104 227
69 895
285 850
233 513
750 30
40 651
27 391
320 395
997 463
998 792
926 244
507 863
330 764
666 882
994 327
497 357
9 769
925 275
431 94
83 397
596 614
251 451
89 412
930 762
517 458
683 990
596 469
834 350
898 845
471 537
878 527
916 808
353 128
975 167
754 696
784 174
211 143
36 87
931 646
993 449
222 960
322 959
839 902
914 603
20 606
929 33
149 830
443 81
546 674
893 729
936 846
774 594
6 1000
633 132
196 398
931 117
644 476
132 918
738 601
177 495
542 466
1 25
534 429
367 468
722 69
963 309
216 974
863 788
240 469
663 632
480 663
394 203
453 684
257 337
367 170
741 473
542 138
390 151
618 601
785 923
964 38
661 248
349 892
872 407
288 6
346 176
929 176
589 102
592 790
20 359
260 310
462 948
484 852
303 496
939 194
240 432
275 147
204 91
521 367
104 223
412 8
804 794
307 866
517 251
187 776
613 834
544 311
268 591
341 15
324 851
716 77
221 553
630 399
562 935
65 69
191 525
708 761
344 396
930 687
184 309
605 756
748 943
365 411
169 432
577 83
151 224
597 16
579 765
69 407
732 761
165 900
187 692
207 313
174 946
454 482
165 209
153 885
745 755
344 968
36 6
993 493
562 122
528 438
585 811
127 852
872 793
15 994
552 459
681 745
223 954
577 520
783 976
453 477
124 654
519 270
165 135
927 229
680 446
21 106
495 234
647 234
462 468
210 341
339 435
414 91
151 852
237 556
476 665
768 944
931 476
4 610
869 8
690 700
99 856
142 752
842 880
60 841
476 630
549 865
308 143
664 415
707 451
947 624
472 912
787 475
4 791
706 153
981 785
288 339
950 532
934 425
528 975
904 236
1000 540
66 235
284 86
913 354
843 993
27 252
688 658
601 151
37 974
218 577
166 225
817 263
652 600
356 759
643 302
736 809
348 551
62 775
574 333
585 532
162 831
659 548
397 132
199 760
438 592
520 137
751 162
946 95
947 202
22 130
114 867
102 348
636 764
876 307
734 145
257 819
538 164
918 519
139 307
196 288
508 754
140 268
914 675
339 344
103 211
840 275
289 627
70 981
328 199
607 579
219 879
625 800
460 704
572 809
78 38
978 16
997 820
746 116
254 807
591 364
595 873
642 970
8 946
834 610
462 675
825 979
91 119
459 491
115 381
685 697
100 495
285 43
553 811
825 974
150 831
636 408
217 830
915 189
937 533
590 377
367 960
831 113
246 691
880 208
587 725
809 595
721 271
886 579
924 164
618 913
929 858
948 34
877 900
234 902
806 128
790 773
312 836
781 638
657 944
952 738
844 418
293 420
938 939
492 68
402 348
938 826
596 434
562 766
139 659
835 718
625 585
432 450
648 491
808 209
282 216
981 474
508 816
736 531
297 509
706 579
815 682
179 961
370 661
787 766
828 570
652 128
357 902
413 660
585 227
70 373
861 22
111 619
737 40
240 576
757 421
651 504
778 757
220 49
757 2
599 631
619 349
909 529
200 61
132 834
647 157
916 303
651 166
464 321
876 731
825 671
897 122
833 868
760 964
308 21
67 444
432 879
430 750
698 6
935 375
975 598
967 865
600 860
929 314
141 435
552 991
295 101
97 420
46 809
695 452
823 563
194 203
892 22
221 197
731 400
218 197
578 357
62 82
858 21
986 206
588 142
916 757
310 652
208 834
959 817
393 336
359 997
895 695
270 46
806 172
644 287
937 275
690 332
332 485
411 916
484 614
911 803
433 871
570 739
864 386
922 520
338 691
669 749
283 94
959 856
277 947
532 539
38 484
565 477
714 825
625 322
476 468
75 438
583 201
843 858
222 299
466 305
283 749
598 923
553 159
737 874
535 27
831 928
633 937
795 374
638 442
231 64
141 344
913 775
564 936
644 625
701 864
926 543
653 253
334 329
650 581
691 173
853 918
106 13
72 181
552 383
291 405
586 898
441 337
595 176
44 90
486 451
923 648
16 571
992 324
314 176
345 542
401 732
399 377
24 69
603 491
937 691
423 212
670 111
836 371
360 76
207 934
941 936
638 562
899 664
937 621
83 861
119 107
587 669
511 717
757 741
167 305
575 436
743 790
194 497
527 49
976 975
169 149
636 789
697 655
597 191
944 851
961 2
247 997
863 146
263 279
959 664
619 955
891 830
106 538
982 747
532 686
981 289
602 566
343 968
415 710
607 315
990 177
719 413
22 231
174 34
781 74
511 359
978 376
740 879
728 879
340 381
892 930
456 402
196 325
108 177
941 149
135 866
619 7
289 598
876 494
793 934
520 554
334 454
319 406
102 98
318 381
784 239
180 1000
534 479
131 600
188 543
690 761
305 349
659 890
756 74
867 979
855 262
919 950
966 933
401 815
536 286
367 245
21 474
426 394
376 517
768 945
508 2
73 555
220 654
348 666
171 466
898 709
253 605
820 973
345 491
494 196
242 37
660 45
599 99
53 75
642 696
409 770
405 718
427 266
467 809
268 782
582 902
679 24
147 123
938 146
612 77
484 728
709 600
761 766
208 778
482 489
213 119
144 546
973 541
78 835
815 270
371 501
946 491
481 117
397 591
389 525
111 287
930 803
496 499
792 768
101 936
856 115
214 909
910 734
259 190
153 935
162 552
948 562
823 422
808 133
830 570
465 550
780 475
361 725
396 460
723 210
735 763
701 823
151 346
500 40
743 220
581 257
579 187
603 841
732 915
144 396
163 440
898 61
883 489
610 371
441 845
922 183
463 341
624 443
876 440
685 244
29 624
236 960
8 853
351 413
323 988
404 123
977 335
867 975
689 467
417 240
816 986
907 501
450 376
472 672
604 153
508 38
788 80
256 161
208 170
281 530
324 720
683 411
521 452
708 894
770 55
547 273
683 40
385 749
960 851
522 998
461 442
651 726
48 609
412 194
472 877
841 12
973 479
617 461
411 247
657 550
450 828
696 956
88 645
610 542
403 366
354 192
118 361
230 887
138 705
235 719
282 916
779 244
839 88
476 578
522 570
213 471
69 477
144 812
540 138
377 108
568 707
827 606
722 872
995 644
852 251
212 154
253 626
258 94
831 911
978 689
335 92
619 161
984 290
325 22
457 440
240 754
794 47
335 205
523 700
35 129
110 711
165 526
866 653
617 529
858 781
250 678
785 625
201 378
917 404
779 415
600 400
417 434
677 335
186 113
265 679
214 790
110 45
215 254
931 185
59 850
183 461
901 674
137 269
832 488
600 861
214 301
198 998
15 308
509 767
685 668
119 352
638 644
689 399
328 527
817 210
498 195
686 766
247 476
303 478
347 490
920 834
995 262
890 560
113 105
539 629
648 219
902 592
564 87
640 623
808 513
825 421
739 235
833 114
687 779
672 48
321 902
752 366
480 684
979 457
231 268
36 782
493 529
739 457
995 851
933 489
402 590
205 770
114 857
425 642
407 790
710 213
842 85
496 537
351 34
871 418
908 168
267 304
454 90
989 51
847 405
651 406
706 694
34 396
453 342
275 906
936 816
828 933
103 282
340 568
788 724
127 656
537 985
22 260
869 31
279 687
484 387
253 90
570 268
805 739
111 876
594 118
297 916
708 498
211 698
492 773
592 603
789 95
998 367
746 220
166 979
864 783
883 29
150 666
312 829
447 76
1000 817
821 351
768 69
492 555
368 537
241 365
6 453
985 606
712 290
108 987
458 742
60 790
523 378
364 764
716 361
916 283
560 410
651 542
982 44
270 152
329 764
937 509
630 530
670 409
303 208
108 264
403 678
223 105
578 104
544 440
174 615
964 781
416 811
435 121
312 748
730 462
786 428
805 400
919 136
540 67
465 799
343 578
770 984
496 295
923 250
778 811
685 504
529 103
913 960
37 344
75 925
939 884
619 216
47 275
217 791
1 447
40 451
181 956
175 447
992 805
75 763
168 295
560 270
794 103
984 649
350 981
82 100
979 910
598 868
864 94
497 603
909 600
713 175
287 836
736 24
441 680
745 222
533 13
266 464
586 665
848 9
275 354
369 323
404 326
812 459
261 347
501 838
855 103
971 618
539 878
703 947
579 97
211 805
103 851
640 491
225 629
817 645
964 572
198 712
532 152
695 700
130 808
437 348
632 644
887 212
493 942
179 269
695 813
204 200
672 154
142 50
927 390
535 553
134 694
998 945
966 680
588 949
402 374
614 957
406 342
759 188
190 745
374 90
122 35
947 46
587 119
511 87
166 374
740 607
407 120
391 903
322 592
342 663
308 995
795 19
690 199
984 472
527 968
279 275
27 826
991 192
787 740
956 245
46 378
157 792
306 478
326 577
1 308
516 637
130 208
22 482
813 429
837 39
87 716
131 550
758 555
465 336
85 999
429 309
768 705
508 466
200 3
680 269
183 202
445 63
408 208
851 356
157 427
896 293
290 12
257 509
354 955
940 86
753 971
585 257
186 444
557 219
975 636
85 682
671 343
986 295
492 732
3 943
722 301
405 527
798 110
746 423
253 50
254 662
261 192
263 630
123 201
731 438
324 608
552 771
544 659
7 621
602 137
565 3
398 410
807 466
829 654
976 462
540 711
268 898
711 366
497 382
406 528
890 511
835 402
782 175
87 545
739 206
530 651
856 306
840 919
621 14
610 865
973 657
777 382
339 845
382 621
878 630
517 356
723 563
501 33
49 608
801 721
329 240
955 168
847 658
39 881
153 898
430 86
641 917
605 476
680 941
753 585
516 10
409 217
69 143
548 475
55 172
314 870
922 25
540 472
597 665
326 897
899 363
583 247
83 140
727 591
489 165
128 925
515 283
756 358
921 80
449 855
232 245
893 788
585 553
20 778
771 505
794 369
499 237
561 90
854 929
732 648
910 887
824 756
676 893
194 795
262 74
211 526
160 524
676 716
444 920
928 513
287 380
592 670
864 979
24 154
557 336
778 15
618 334
226 615
764 235
425 299
192 554
959 162
393 197
765 655
949 504
806 339
916 759
632 700
251 230
414 764
114 658
687 677
65 126
963 581
431 91
22 524
983 398
602 318
75 146
493 639
188 467
317 177
189 618
329 259
827 524
260 951
580 972
190 560
230 717
835 829
13 41
162 869
930 987
773 348
849 997
886 408
67 800
47 382
451 641
163 277
951 724
183 846
373 364
579 5
70 196
440 861
846 999
275 523
287 77
948 777
862 691
707 654
317 742
221 175
715 927
645 473
331 691
724 935
817 675
746 59
858 657
50 626
289 682
551 662
879 261
439 932
333 225
831 614
558 298
985 786
361 232
695 151
223 758
134 109
63 857
889 706
618 384
357 124
38 521
844 252
483 426
102 640
349 889
528 332
491 937
750 479
473 369
50 818
794 777
389 83
860 538
458 630
578 493
773 14
192 677
579 860
177 146
749 127
859 451
912 573
236 229
769 872
909 288
737 569
353 304
209 948
818 794
365 553
161 835
973 810
761 284
962 876
937 282
620 33
287 370
415 329
898 577
53 892
239 661
335 102
780 305
838 123
533 743
952 650
562 700
97 21
297 571
705 470
942 37
511 528
196 719
509 256
263 108
919 437
331 852
832 991
136 838
697 343
250 620
721 553
323 853
380 642
552 349
534 477
314 112
920 336
79 417
121 731
927 887
56 534
785 719
557 246
371 927
428 302
945 668
712 97
270 569
595 173
474 412
891 453
72 367
695 409
863 555
829 903
404 310
78 389
815 724
873 835
674 148
551 254
443 463
5 214
336 179
394 607
124 178
34 678
473 510
168 700
917 121
392 116
206 916
735 259
682 157
260 75
652 885
341 32
951 811
255 750
630 494
540 898
730 304
714 925
800 174
766 841
178 206
804 622
355 363
19 514
107 945
139 694
922 753
689 730
616 454
246 129
636 537
145 424
365 525
149 544
870 618
636 648
196 525
287 342
914 508
202 442
40 17
701 964
853 403
460 886
870 965
282 114
43 972
69 170
309 859
252 560
852 455
298 288
897 704
945 252
343 701
254 72
870 677
908 353
452 107
646 743
24 370
243 102
849 62
944 387
247 574
141 721
898 460
628 115
821 341
158 44
604 228
492 846
863 873
228 208
48 438
102 761
486 887
6 494
774 101
890 824
262 905
708 233
381 415
393 95
838 827
855 251
163 677
116 707
467 711
627 761
744 955
707 305
85 237
639 778
79 972
535 991
97 695
60 573
977 555
602 424
407 837
991 30
60 428
196 828
985 81
436 415
458 243
630 357
937 729
299 993
765 814
934 773
166 403
939 657
45 610
887 767
322 693
783 544
36 891
734 225
365 642
408 625
174 88
912 193
89 576
418 497
311 193
277 337
120 938
746 802
598 707
729 528
892 996
842 273
845 686
98 609
157 620
563 665
191 655
702 920
542 609
943 738
125 393
56 752
680 490
935 530
721 642
600 513
12 407
806 270
837 140
578 332
112 875
152 50
558 382
851 496
656 861
85 732
945 843
530 827
567 500
658 625
612 707
828 896
557 318
461 233
959 382
625 738
750 337
124 940
237 898
55 561
829 862
118 406
301 657
91 197
402 872
739 593
556 905
425 409
578 753
48 688
883 109
967 961
44 821
934 266
111 383
669 87
711 444
693 81
641 719
971 275
536 788
243 732
317 381
337 615
543 947
218 482
666 894
665 801
407 364
923 214
697 368
848 175
442 769
459 933
8 203
687 789
155 108
305 575
855 707
45 565
874 671
925 561
571 661
644 975
114 964
636 198
751 461
649 117
198 108
573 80
596 183
616 685
514 880
89 563
456 746
130 119
171 769
922 971
230 300
951 324
285 809
244 248
515 871
546 702
999 120
656 34
620 883
58 260
975 499
244 111
512 609
676 956
239 308
591 3
297 777
157 481
339 386
513 329
242 680
310 1
46 767
747 414
669 608
513 250
751 318
827 262
775 94
587 850
552 559
537 157
519 85
958 975
889 690
229 177
30 418
751 28
163 543
152 300
653 507
119 326
690 788
431 570
33 127
289 213
343 426
21 534
995 471
751 281
659 140
381 568
644 472
4 689
872 185
122 952
263 718
714 644
566 429
454 907
956 585
706 32
558 525
860 825
700 582
882 801
692 886
739 184
388 269
365 415
377 351
614 919
722 969
292 295
972 385
942 729
486 438
462 369
863 143
778 862
183 655
334 521
850 816
377 42
418 206
622 560
736 623
292 5
847 341
633 985
830 541
119 533
40 453
956 211
504 994
396 442
944 816
139 152
738 74
7 417
357 812
509 97
680 275
148 265
21 5
115 214
25 194
101 343
546 420
454 218
233 103
729 874
34 926
129 172
387 884
432 859
551 522
434 767
55 347
148 111
388 574
837 645
622 485
270 574
772 964
78 283
704 710
119 437
302 911
618 372
531 663
53 39
897 321
882 129
167 99
578 646
487 56
105 488
289 241
953 90
460 126
648 867
687 638
359 985
969 893
513 563
203 181
496 185
436 909
933 875
458 333
900 100
943 454
507 422
496 103
48 664
51 103
640 984
364 166
537 812
40 244
238 58
335 295
28 333
835 871
692 996
197 322
490 732
19 626
466 462
350 352
923 216
515 2
857 844
141 187
219 679
992 997
794 167
61 356
193 596
378 728
841 192
438 886
793 869
232 841
728 846
72 786
534 156
917 268
246 698
488 610
430 901
895 371
278 713
928 938
653 403
603 616
509 5
132 874
314 21
333 215
225 438
444 656
459 377
196 81
171 277
409 680
70 552
30 216
620 744
825 752
720 490
355 577
392 469
673 932
159 397
508 33
220 621
650 92
781 950
985 619
17 969
882 165
534 570
939 54
320 646
363 728
743 41
68 359
844 248
220 802
60 591
321 157
639 821
307 862
330 709
717 983
576 661
407 331
283 217
526 775
503 290
160 396
344 473
571 152
16 947
436 489
754 348
903 779
867 7
463 976
320 322
326 424
53 608
844 301
113 317
635 400
856 419
431 167
342 582
164 290
740 637
493 863
999 992
840 887
145 395
420 27
11 558
963 636
676 340
334 11
840 597
988 373
607 397
594 988
187 478
118 714
842 286
844 832
168 481
116 479
654 894
875 858
896 485
54 797
811 754
520 741
447 311
932 356
324 115
149 104
779 481
447 375
910 885
859 799
873 111
694 79
440 366
976 864
495 456
582 656
147 361
974 286
498 111
116 514
928 626
117 561
864 580
388 788
856 980
113 258
360 227
697 36
915 221
536 230
96 685
869 302
907 577
74 329
132 160
388 74
317 380
778 766
891 91
13 611
979 314
750 146
679 178
402 154
576 753
606 317
1000 689
344 437
660 621
757 559
248 721
433 577
933 180
293 213
478 211
689 656
714 805
145 486
687 106
105 905
196 567
433 291
736 580
734 51
148 818
491 96
945 456
284 123
586 458
917 610
335 61
546 844
120 423
306 277
562 34
361 291
16 130
382 75
55 35
743 118
301 159
228 147
689 379
408 155
907 195
250 808
328 914
295 342
558 296
409 759
998 147
231 512
792 23
147 160
828 566
448 146
67 412
746 345
233 932
2 529
349 966
320 800
82 707
621 622
107 796
419 744
259 863
777 798
940 318
891 424
513 820
252 469
626 230
539 677
504 132
543 513
801 226
821 239
218 340
809 687
882 975
961 484
82 775
229 628
252 699
793 709
471 923
735 190
57 963
131 452
80 492
522 671
355 162
375 319
161 621
199 593
350 107
748 500
730 461
161 990
574 665
147 543
900 423
297 142
657 158
696 452
571 688
18 848
193 478
586 415
511 146
823 788
870 991
853 739
197 399
969 510
163 307
737 906
700 122
685 490
559 433
355 872
927 317
262 724
220 215
605 339
149 861
175 553
269 532
698 902
774 563
745 417
357 811
292 986
849 387
337 183
177 270
362 770
881 818
861 380
932 154
614 28
651 226
409 723
907 124
323 117
357 954
263 361
432 811
750 671
966 808
237 952
898 520
774 127
372 637
618 373
172 948
33 26
73 777
424 905
819 720
445 781
545 423
123 159
51 426
52 145
401 367
937 589
768 504
173 899
88 677
952 14
442 996
313 468
50 968
117 550
818 587
265 345
325 617
181 725
95 115
668 201
869 600
184 470
991 437
766 425
575 650
498 714
305 582
378 916
772 206
139 763
396 234
895 830
348 723
135 527
961 780
429 878
876 153
531 75
112 310
477 98
615 828
356 929
550 681
407 712
858 898
35 233
377 473
44 361
796 664
28 818
158 737
620 948
146 176
625 842
130 557
480 391
138 373
581 47
778 528
788 655
52 880
672 884
164 380
72 64
219 147
534 366
202 975
441 141
292 732
738 892
246 891
500 543
251 659
271 838
254 522
826 139
789 773
574 613
78 372
797 282
397 940
345 459
80 104
371 667
534 330
877 861
510 882
114 395
414 833
250 927
907 548
303 439
659 719
695 669
543 31
170 24
201 747
958 596
303 292
19 213
725 315
692 52
855 584
401 117
934 89
863 461
187 932
543 506
596 584
17 421
578 222
195 786
658 166
164 291
352 707
994 14
631 839
905 519
374 468
676 454
344 871
2 309
538 483
634 72
212 166
468 264
783 595
22 163
831 907
200 311
709 299
581 982
809 349
278 904
724 168
282 455
304 275
373 115
895 385
71 707
331 798
707 663
174 312
509 183
718 309
718 788
816 269
276 511
599 739
122 478
233 62
585 337
788 274
337 8
927 841
234 400
55 642
367 156
137 305
11 344
489 742
829 860
426 209
501 827
941 558
800 590
449 656
301 655
216 645
379 211
159 753
328 563
999 153
773 373
186 689
705 583
152 321
655 881
960 22
316 599
8 256
907 576
693 95
310 641
683 153
26 684
812 579
338 906
82 800
817 851
180 181
105 271
368 445
613 697
835 627
251 360
89 117
967 118
773 969
813 780
406 674
13 836
734 278
943 110
356 692
909 394
820 283
217 330
532 663
348 740
464 797
340 384
107 151
342 2
828 173
188 204
547 682
549 197
308 853
239 739
19 794
663 93
133 674
12 858
546 845
351 349
582 23
812 368
132 517
382 249
645 707
723 159
945 169
656 36
698 995
990 395
794 446
82 124
525 318
619 431
654 674
325 296
477 509
244 408
797 926
673 656
894 449
776 567
370 357
337 116
465 191
907 416
287 642
707 375
510 601
189 656
371 821
376 605
358 541
87 49
471 342
916 449
115 312
686 687
52 32
403 275
868 937
427 293
730 918
492 453
75 449
281 5
192 521
209 493
421 213
416 65
34 752
420 521
38 200
556 653
652 844
231 123
254 65
618 978
442 944
961 404
47 219
982 258
346 544
522 623
373 777
473 91
875 443
985 143
288 361
588 796
537 854
844 374
869 773
982 748
141 4
862 86
738 64
508 774
753 645
348 895
274 630
169 340
317 474
211 177
504 165
50 209
362 335
533 740
966 738
273 438
10 675
528 428
861 40
989 19
809 405
442 214
560 541
671 827
547 772
162 729
194 678
434 549
202 601
442 40
315 298
23 597
671 89
2 720
638 919
231 551
90 905
242 892
480 585
372 463
693 467
441 82
557 260
360 30
717 126
722 468
225 852
890 658
997 894
363 766
699 588
315 839
797 87
545 422
618 532
470 417
481 984
133 191
338 963
69 817
805 227
345 767
289 465
556 625
795 939
338 850
907 793
359 552
206 237
490 937
201 602
368 453
739 214
133 337
616 299
389 999
800 50
917 157
895 987
896 222
230 942
377 490
675 783
525 495
936 289
844 666
666 598
504 995
566 31
433 281
677 118
145 429
58 902
934 879
541 519
227 120
432 337
782 787
595 805
53 861
421 665
220 707
619 184
446 804
474 793
71 585
551 242
979 80
232 843
526 510
503 930
453 669
736 363
358 604
335 264
232 730
508 639
497 746
404 802
421 844
595 17
499 100
907 189
780 541
290 153
902 368
336 711
376 840
547 99
286 213
606 514
77 208
833 914
940 82
211 630
965 417
824 587
241 463
811 967
594 461
548 494
492 728
422 759
12 675
90 143
143 187
146 749
595 614
886 699
234 750
553 958
384 649
39 459
280 458
982 249
565 15
533 505
536 827
815 459
372 999
854 39
269 467
877 126
380 442
894 534
312 842
520 367
648 804
133 292
636 235
602 439
674 520
911 981
44 250
188 340
977 697
545 797
30 967
680 740
769 853
811 206
356 657
105 919
549 974
127 214
823 613
516 25
155 163
891 765
141 76
861 989
787 550
26 188
508 905
763 423
250 350
69 250
605 472
199 619
6 741
723 789
857 735
383 367
476 131
225 133
390 727
211 470
184 926
619 450
934 614
508 387
948 928
606 732
3 563
995 266
951 431
270 811
237 716
382 271
651 220
750 634
536 300
495 101
812 105
633 444
372 400
543 491
780 911
965 389
163 919
811 803
775 132
544 870
742 889
582 962
512 452
566 11
362 637
863 991
39 137
696 53
834 755
504 126
565 833
161 27
697 185
642 714
20 330
112 558
85 428
947 513
431 656
56 158
735 422
424 578
423 780
373 609
891 236
316 966
158 746
790 840
852 753
414 368
866 478
294 906
998 994
213 42
950 833
809 851
458 131
829 368
647 803
743 718
778 990
429 514
925 669
389 889
821 988
201 739
734 279
296 201
648 62
600 801
155 30
13 212
162 782
514 603
678 206
882 621
739 460
979 445
874 557
451 756
992 560
790 359
938 570
409 264
891 630
675 549
418 582
164 38
934 518
666 416
480 243
410 226
214 932
969 81
15 454
810 643
819 755
148 385
701 747
667 935
7 446
983 961
451 304
859 607
452 31
45 549
18 189
331 906
798 494
413 916
875 713
366 940
797 526
381 241
958 611
145 158
902 329
215 14
16 576
698 36
846 148
522 246
709 463
581 681
655 950
488 120
181 59
938 390
215 635
502 585
375 245
301 754
639 526
61 582
333 289
100 60
502 760
699 656
204 82
647 720
273 31
57 848
579 823
998 831
527 63
655 106
640 721
881 3
458 340
352 831
591 900
557 157
195 975
401 60
554 10
94 195
243 987
905 380
528 993
69 527
485 954
457 357
723 638
814 427
908 916
676 392
606 201
990 40
314 585
841 344
783 613
92 710
496 282
520 867
830 512
399 961
455 965
757 69
11 761
84 785
513 114
550 530
644 595
576 441
301 112
694 457
549 474
675 910
310 454
93 974
521 901
50 899
34 284
750 700
336 732
962 672
769 192
440 714
945 775
285 318
971 771
681 797
613 346
797 643
873 37
820 548
214 511
52 462
294 391
242 972
722 322
579 471
601 691
998 415
690 932
927 913
199 510
57 33
612 322
719 531
354 613
793 424
670 77
637 166
867 401
553 833
310 556
316 681
741 216
265 125
275 180
468 707
667 204
15 190
636 192
854 139
251 162
914 52
990 859
900 103
385 982
298 273
193 581
952 753
739 38
5 662
762 909
728 277
361 812
506 207
658 64
813 996
467 216
255 89
97 875
683 684
947 211
128 761
970 80
143 990
239 693
922 927
211 76
141 265
509 335
255 191
794 213
893 472
11 741
709 454
802 744
58 328
387 550
999 445
237 815
620 950
125 368
657 681
556 462
940 813
443 271
167 764
23 632
444 659
33 760
324 425
265 460
607 878
811 937
498 356
480 743
832 588
251 548
919 745
898 635
749 948
205 107
8 953
315 535
119 485
814 575
547 333
627 46
699 909
919 948
702 572
247 321
489 665
589 86
795 763
78 485
262 796
341 893
252 424
271 102
128 272
627 332
95 802
479 131
405 748
228 385
838 846
622 81
825 177
790 941
103 983
8 501
961 305
714 731
180 211
806 187
347 674
866 398
773 66
367 687
705 820
400 405
213 21
436 500
321 956
230 12
857 98
765 953
17 411
1 830
398 808
130 730
94 155
39 526
828 308
496 277
494 768
943 197
981 370
261 725
821 665
987 657
74 62
2 307
645 459
683 648
999 882
287 310
953 942
121 234
174 418
639 168
481 652
24 517
672 581
988 231
98 637
191 517
611 742
33 954
310 398
737 146
77 401
318 580
104 625
113 166
604 422
991 7
291 335
883 233
902 349
775 993
177 340
604 85
492 4
78 932
984 948
104 815
926 486
674 391
323 79
505 816
210 142
937 975
737 493
385 432
703 784
704 658
43 205
674 631
925 167
234 688
772 558
502 377
62 345
753 369
521 379
275 694
389 139
873 936
892 156
252 291
65 465
333 985
958 19
118 476
66 187
783 76
234 997
421 139
976 318
228 599
908 659
53 464
346 586
826 848
576 611
773 823
725 78
478 194
730 500
817 256
640 532
143 707
238 711
903 793
101 921
748 240
235 975
458 98
260 956
653 899
468 191
532 768
38 747
719 390
810 622
853 716
816 44
275 765
421 592
19 296
160 576
236 721
609 169
165 603
779 723
172 869
180 876
1 375
983 960
366 962
847 177
741 670
851 178
945 905
747 261
880 674
572 744
634 913
102 647
582 465
633 775
270 695
396 982
589 427
256 65
989 497
827 282
392 513
929 366
656 738
629 301
842 757
517 559
615 488
127 78
447 74
694 985
384 852
648 673
833 635
885 802
967 528
643 998
91 805
410 27
419 890
171 141
860 428
503 80
566 310
380 285
809 515
682 787
973 272
979 441
928 383
362 368
622 9
381 677
761 747
774 66
397 293
513 580
60 481
905 274
9 805
374 193
377 355
543 800
306 181
821 910
365 258
424 492
995 919
8 235
65 462
875 445
979 491
373 952
65 937
70 1000
629 375
776 383
102 473
50 124
178 9
880 179
535 455
430 574
27 852
174 37
141 228
872 44
645 655
853 593
858 941
19 937
645 805
771 143
83 218
266 902
384 325
167 586
956 461
194 676
598 894
583 541
35 44
475 181
383 516
793 88
426 595
334 120
63 922
724 960
789 12
756 520
663 551
759 818
462 476
484 316
180 533
493 442
261 308
85 656
815 531
341 518
34 110
698 57
828 836
118 292
263 574
929 251
109 379
146 647
533 489
845 7
209 301
391 599
384 522
930 263
651 553
823 624
147 19
414 588
367 948
280 496
579 244
17 515
952 418
181 816
19 77
679 192
411 823
632 761
728 504
356 409
998 984
13 936
985 463
787 193
714 902
14 810
646 492
255 459
662 537
240 912
38 295
904 833
32 908
16 257
787 524
524 745
947 210
473 607
112 297
990 148
689 959
652 261
780 466
421 161
879 900
761 29
409 112
282 494
267 382
366 664
336 923
248 895
796 667
785 398
823 242
97 278
25 49
908 332
406 67
857 43
632 12
11 83
709 136
380 786
162 477
590 901
637 502
730 520
214 425
361 171
830 141
56 567
519 8
567 284
452 922
963 322
82 646
410 945
669 809
492 87
402 769
833 82
299 395
318 437
765 372
294 130
242 211
795 619
152 663
355 944
906 256
507 221
181 788
627 764
20 406
761 818
632 678
186 489
866 399
955 930
99 4
669 912
334 955
623 645
771 260
701 319
187 534
26 408
672 410
411 174
175 57
757 873
691 23
748 28
896 957
501 117
594 694
259 131
994 96
690 229
766 584
146 540
2 163
213 801
64 488
598 597
585 794
433 229
876 271
434 822
755 614
885 247
387 756
407 745
908 18
927 502
819 665
287 87
54 870
974 823
942 209
893 701
866 316
842 365
699 492
775 851
410 465
34 325
287 885
555 749
665 93
760 93
723 339
393 674
267 201
875 636
663 190
660 352
972 530
257 467
703 642
444 807
963 209
822 52
864 618
37 944
849 234
522 208
690 922
918 274
822 167
699 936
96 579
261 157
114 860
321 418
945 552
103 768
513 812
418 424
114 91
94 737
651 666
18 277
9 46
670 277
657 618
212 177
916 765
555 87
226 835
192 607
483 112
865 358
85 140
105 710
301 335
991 232
721 508
706 72
190 841
715 298
142 236
424 497
353 445
5 348
253 566
828 170
507 948
593 587
353 302
309 836
783 402
843 143
347 988
23 25
559 187
869 895
601 497
218 803
886 402
27 843
250 368
343 941
139 65
992 929
679 835
791 133
32 646
562 79
871 475
374 721
589 870
828 477
664 643
420 281
611 998
84 784
306 480
644 520
370 559
171 546
23 989
598 851
701 477
914 882
222 679
794 300
707 517
564 954
875 715
896 372
864 372
662 367
208 444
686 353
409 763
271 741
778 203
531 529
433 776
806 693
493 358
21 319
663 992
582 752
696 575
567 324
290 272
458 670
938 388
974 382
595 519
744 331
997 167
356 49
612 450
151 710
977 827
760 565
798 827
857 413
802 294
697 68
899 640
682 784
562 890
959 204
29 151
531 973
548 917
875 149
437 754
722 672
156 30
69 747
332 383
299 526
126 871
528 995
913 407
32 242
786 423
326 500
537 859
437 773
244 613
523 908
374 480
841 461
587 209
805 106
537 964
24 928
187 192
410 85
201 72
701 811
79 107
807 786
563 822
415 85
382 24
241 996
628 720
520 579
814 101
158 649
710 970
804 155
862 657
98 918
999 488
913 517
59 949
633 280
444 649
836 155
709 147
513 168
133 599
336 365
353 577
551 45
328 769
493 441
703 730
85 671
512 287
107 879
110 194
57 438
829 784
281 574
302 912
690 930
712 246
553 822
328 767
525 610
556 959
8 765
480 938
212 901
565 903
161 449
803 622
915 168
649 372
214 78
952 419
401 355
476 929
427 403
446 397
398 779
363 529
242 398
506 188
502 996
394 699
448 416
925 722
327 152
40 874
478 28
939 538
669 685
230 941
377 495
273 228
772 202
728 981
31 549
605 576
331 443
373 12
306 247
953 912
71 437
199 640
795 409
135 920
690 81
841 203
36 35
349 420
616 889
671 651
749 963
128 537
71 731
520 639
850 282
353 786
547 262
713 18
235 466
897 843
456 5
789 333
662 53
314 943
484 499
374 827
270 850
591 198
461 925
478 773
135 92
712 933
722 325
733 785
6 203
651 2
945 801
712 52
91 465
115 471
81 27
501 946
647 477
567 287
327 538
369 352
920 80
793 454
831 154
298 717
766 277
82 641
786 521
3 87
589 84
459 371
996 170
946 835
674 178
74 902
129 591
702 284
722 582
669 77
655 142
432 696
489 953
947 708
920 524
152 950
245 499
998 965
69 675
967 142
891 439
9 892
25 377
326 827
70 791
553 383
833 965
592 275
757 967
152 852
800 192
13 173
911 756
970 144
588 807
482 854
947 128
877 447
199 727
683 650
247 715
417 782
541 892
953 940
383 411
667 190
482 952
236 759
382 193
519 538
921 319
592 973
420 373
97 448
704 296
745 492
541 955
267 490
16 810
839 698
349 682
266 814
594 954
331 672
816 144
361 245
863 826
578 950
660 208
111 54
8 599
959 356
392 502
871 600
251 691
256 133
869 119
194 849
290 380
95 955
440 81
481 827
498 251
315 787
284 322
912 894
56 161
955 739
388 160
318 33
216 423
313 432
989 960
973 507
167 260
833 296
721 339
464 725
468 773
435 805
753 81
91 534
916 621
97 725
505 611
481 630
414 346
718 460
356 594
327 211
853 891
147 964
687 787
924 423
981 50
431 209
866 242
832 270
771 930
429 912
670 726
396 223
520 280
718 814
130 303
331 498
539 137
297 294
727 518
279 114
726 729
340 396
127 667
843 287
348 663
476 348
886 403
874 443
247 687
382 146
595 383
957 380
430 228
70 319
12 60
554 760
387 723
493 802
432 504
31 160
159 127
236 610
85 935
240 613
701 744
562 174
141 561
126 113
129 41
97 349
263 98
546 410
818 407
379 695
367 478
774 362
333 154
247 855
814 667
396 976
772 863
365 269
337 104
745 123
932 625
722 349
320 805
45 456
33 384
932 960
517 958
885 800
869 107
691 839
803 482
108 979
255 780
38 994
497 76
657 708
787 851
458 625
20 472
703 101
318 221
51 450
179 313
477 548
115 58
617 397
929 793
865 231
652 735
645 380
222 411
888 851
973 863
243 988
1000 545
412 343
291 542
700 674
113 504
421 399
403 908
766 935
253 720
624 954
815 76
350 398
173 495
874 524
184 652
705 318
133 903
139 432
771 721
292 146
566 790
206 504
887 963
246 96
14 963
1 288
610 356
187 29
724 236
118 567
102 136
340 757
785 416
277 4
850 198
829 96
543 249
110 630
718 369
748 27
529 564
272 539
770 310
560 206
979 756
428 150
555 581
668 892
158 74
247 368
812 451
100 509
92 716
502 429
837 528
566 246
768 57
309 114
240 928
924 948
928 447
232 92
413 441
719 158
939 81
263 667
308 926
381 726
385 777
795 574
99 413
687 516
946 702
104 293
821 206
15 187
660 716
809 654
476 704
577 235
501 307
726 948
434 204
899 810
792 666
723 686
818 933
371 457
411 415
737 606
703 708
779 849
240 694
529 426
583 251
267 723
92 566
199 754
949 109
974 652
496 379
870 621
139 591
692 383
457 96
724 34
980 148
504 197
832 899
960 200
407 711
451 495
527 758
932 102
681 674
865 77
684 519
802 292
745 610
84 679
214 850
803 147
72 871
392 878
26 817
914 955
457 956
885 420
79 285
923 651
894 434
765 191
68 913
15 682
354 447
475 945
190 388
686 521
229 98
195 46
215 51
882 332
699 910
648 748
367 244
205 249
150 858
834 747
545 356
619 3
871 644
123 102
609 637
464 460
686 747
708 871
911 130
604 751
674 802
164 660
535 871
664 372
740 39
134 616
240 321
386 557
345 11
709 833
951 772
208 792
592 133
900 70
243 999
51 216
930 749
205 697
60 282
98 69
795 169
778 905
622 656
22 858
297 201
767 258
71 267
808 219
719 431
39 873
836 649
619 779
343 907
201 950
755 880
121 239
250 825
564 941
370 430
481 247
225 266
822 377
415 189
696 199
516 744
629 865
757 348
751 441
250 798
290 185
954 144
42 950
388 734
461 896
617 826
449 984
196 179
399 510
57 275
521 700
684 408
578 951
850 944
466 937
197 535
769 446
533 77
298 894
831 296
854 667
871 603
450 341
696 549
91 173
788 125
560 500
707 103
29 111
471 829
479 851
122 572
882 708
68 570
967 958
808 861
296 255
739 85
388 161
942 776
123 90
110 418
413 274
226 833
941 860
835 489
37 808
783 73
56 384
679 168
280 115
22 516
886 839
755 910
264 348
231 438
532 557
75 138
386 851
443 686
481 343
524 589
725 291
766 904
113 428
939 754
83 372
924 326
282 836
666 600
349 201
64 71
156 623
88 333
71 636
473 661
993 478
611 923
597 724
637 903
58 668
314 770
97 114
686 26
300 817
942 128
969 38
130 144
975 504
224 475
215 55
45 478
58 510
456 628
603 598
50 660
408 16
591 846
272 591
771 679
781 105
176 171
360 408
39 216
45 455
103 721
289 125
56 864
879 80
368 530
685 759
284 304
910 740
198 842
350 529
6 333
9 255
379 99
993 393
259 611
117 987
376 815
355 970
906 454
411 812
88 719
105 535
234 949
403 320
596 687
133 215
373 754
755 147
782 252
327 33
61 917
541 363
621 61
648 79
670 672
588 793
165 56
525 5
442 671
482 172
570 859
535 339
684 879
60 177
499 595
301 313
139 546
766 567
487 18
398 513
738 204
331 622
226 280
616 752
746 579
340 272
72 622
14 593
257 812
274 898
26 99
67 917
140 991
507 1
240 563
993 107
98 689
483 933
546 733
413 594
175 567
732 816
516 529
979 921
254 167
11 784
150 482
107 579
988 968
423 319
561 154
980 676
379 451
897 184
902 427
116 930
544 819
319 207
712 105
841 587
327 560
898 514
604 830
341 235
73 930
121 272
777 828
670 177
565 901
94 615
665 599
351 348
360 801
967 902
696 924
734 919
683 87
976 475
318 254
247 12
195 625
217 969
679 227
682 133
994 659
852 565
544 366
659 973
964 731
913 351
397 326
566 619
551 421
4 56
80 462
138 674
359 692
234 764
400 664
291 684
473 785
716 251
221 691
152 890
321 837
965 532
566 861
330 29
922 761
526 419
343 881
145 958
774 981
577 421
156 544
733 314
455 532
760 392
649 609
642 219
784 904
552 116
929 717
799 320
949 890
951 389
366 671
59 245
559 704
976 718
275 581
462 29
745 391
50 931
289 761
508 491
181 443
487 520
112 744
613 408
850 58
279 750
729 847
894 435
660 335
861 283
152 802
742 199
279 863
124 298
896 173
257 357
976 891
318 350
812 416
534 856
835 65
118 630
587 992
823 544
210 269
795 767
155 604
322 39
678 648
116 715
712 498
882 958
479 28
606 331
783 116
750 249
248 845
264 210
999 682
877 10
382 696
847 982
244 697
867 189
201 714
718 929
826 811
207 420
635 425
715 465
899 150
599 888
374 302
78 243
88 195
624 21
577 873
353 317
575 906
601 267
809 207
586 465
594 580
575 795
157 834
799 407
747 110
282 449
818 143
638 276
69 7
914 762
59 17
352 5
15 890
785 623
989 199
223 999
7 486
84 555
840 137
842 507
793 21
280 960
334 183
456 610
637 294
357 462
324 393
493 494
602 549
81 244
785 794
968 829
63 189
267 936
401 638
314 389
378 878
850 723
925 163
803 603
57 93
833 524
851 839
751 57
530 612
753 373
892 152
485 606
989 990
799 486
635 230
138 536
514 899
498 177
476 794
80 263
407 356
744 814
160 431
514 818
736 910
60 328
722 989
126 729
198 186
454 208
278 354
83 646
707 150
306 91
434 100
363 150
38 354
739 499
529 113
931 549
269 950
786 352
71 494
59 494
579 18
411 429
875 128
89 571
399 1000
865 170
352 451
595 257
908 94
413 732
534 236
202 333
809 419
772 597
98 682
562 221
894 158
605 217
552 475
220 121
948 879
442 175
463 279
664 932
516 717
225 390
888 66
29 526
824 810
971 909
215 765
211 580
341 765
379 550
238 367
827 286
394 608
712 78
630 940
432 312
651 989
140 740
731 43
424 773
844 834
34 808
975 861
744 221
711 523
752 760
4 807
811 433
868 38
798 841
503 221
14 248
17 692
973 413
251 157
416 950
215 574
130 636
113 156
919 444
276 674
856 324
433 533
235 445
156 7
728 318
14 389
92 66
883 986
477 885
117 286
819 22
343 876
217 424
808 261
662 736
75 774
594 746
97 834
605 70
761 299
376 263
781 238
567 573
605 490
252 886
712 619
727 955
965 994
123 899
508 883
288 700
314 97
704 116
631 555
376 485
399 893
76 990
78 868
629 6
996 799
23 909
289 642
875 906
834 158
624 394
967 131
374 207
591 126
39 657
873 381
175 679
44 162
816 203
63 949
270 780
713 227
22 768
965 439
894 487
487 951
94 955
224 725
437 907
624 779
598 165
727 178
787 265
459 328
976 190
777 803
794 963
880 505
372 334
30 273
638 714
142 879
569 449
950 710
994 590
705 513
461 395
467 818
854 418
517 178
243 955
613 793
744 72
192 666
744 983
708 690
97 531
539 420
393 486
236 194
860 900
960 270
726 857
322 567
655 363
325 884
553 401
22 956
683 530
351 928
155 221
838 434
144 842
342 685
218 887
165 940
102 505
88 151
805 156
952 704
511 191
41 871
885 110
904 675
945 265
339 6
396 455
418 651
914 516
620 796
328 891
839 578
312 352
118 529
466 14
339 356
859 621
500 134
866 623
653 914
695 48
736 79
419 365
883 272
858 330
723 443
851 366
929 456
286 223
949 901
812 131
119 627
245 948
348 419
647 83
824 448
180 351
190 277
686 638
449 653
910 562
858 227
143 129
551 772
509 577
293 532
39 112
826 329
81 314
419 661
30 269
413 411
133 179
309 818
479 142
800 775
365 19
369 208
597 408
341 90
514 956
299 570
467 556
782 181
730 362
235 696
531 119
36 575
240 210
209 713
601 255
231 396
843 22
166 313
60 276
209 858
49 525
175 197
929 545
882 579
403 966
390 796
999 792
482 591
951 597
667 2
854 353
857 387
14 671
272 10
979 133
796 981
620 241
936 176
365 778
331 646
667 800
279 446
927 498
782 531
288 851
988 252
71 696
184 83
231 103
337 470
853 902
34 494
185 618
291 497
16 956
902 811
610 873
33 671
521 674
404 34
90 843
468 235
953 335
662 417
941 662
727 133
582 648
896 582
949 861
816 832
921 375
67 198
87 155
493 160
954 722
534 841
399 406
742 556
446 505
817 831
178 587
640 348
90 399
518 349
623 392
85 121
30 922
919 264
65 441
192 881
47 189
912 602
490 634
577 66
689 648
932 275
486 710
692 821
951 952
847 715
244 956
355 509
518 746
615 748
227 567
909 101
641 975
126 267
988 418
164 44
849 876
810 762
408 598
10 694
838 164
508 735
288 768
287 914
720 991
221 190
538 224
576 83
471 209
672 614
837 84
750 847
966 376
14 917
438 161
115 852
633 151
2 798
304 133
586 807
399 574
692 371
780 843
107 601
219 163
590 854
78 103
711 966
379 569
368 822
618 502
531 533
716 559
973 88
668 50
245 797
246 981
946 951
266 261
53 615
363 779
15 386
385 689
298 114
834 832
946 774
602 164
489 997
971 345
877 132
407 421
163 820
948 127
451 957
753 225
955 881
707 876
123 489
948 238
566 597
320 250
739 127
144 577
766 867
881 150
420 790
113 364
541 282
710 499
657 773
18 825
259 33
226 52
13 242
586 308
491 56
292 447
628 832
187 707
390 996
391 437
212 118
144 254
911 606
473 582
793 743
296 969
321 522
16 56
895 96
666 398
25 318
614 456
944 548
84 799
654 615
879 988
644 601
810 865
89 816
54 154
516 531
24 753
408 336
462 7
585 382
119 476
883 311
745 314
585 385
949 928
885 638
409 731
945 825
694 156
197 604
717 277
756 461
279 938
67 96
858 413
141 901
845 177
385 499
375 806
506 563
47 757
792 178
958 867
464 483
637 160
674 170
233 682
750 385
553 843
134 496
748 738
973 216
591 832
800 875
565 165
15 132
420 596
833 277
543 882
783 131
496 1
558 641
190 773
874 826
912 531
127 426
304 813
655 362
622 763
588 831
611 102
890 51
171 770
841 493
714 869
986 718
629 342
222 148
169 296
23 93
581 467
191 923
415 279
399 946
71 433
754 757
224 360
279 292
250 436
72 908
809 361
336 769
342 66
101 527
743 208
874 257
107 370
895 405
403 461
330 339
905 943
379 786
452 974
606 747
985 299
760 623
462 99
653 394
165 604
505 572
746 824
143 121
876 740
870 398
998 339
676 3
440 347
702 599
742 852
979 514
823 653
591 401
629 718
661 551
871 641
488 438
180 276
132 407
66 399
90 57
570 783
309 217
789 751
560 297
338 636
119 182
431 362
414 636
588 159
844 241
402 28
898 953
852 740
599 377
506 408
569 190
99 11
616 255
982 466
711 240
624 730
967 138
143 324
403 341
904 4
1000 749
231 399
469 374
331 381
544 106
605 527
861 933
130 327
960 410
814 485
355 448
411 338
787 559
652 343
84 113
524 222
969 618
936 34
738 242
184 635
287 205
89 590
861 248
165 673
224 227
511 881
426 867
961 514
438 51
174 209
36 210
828 342
153 90
282 382
768 521
788 708
737 148
560 850
41 653
760 243
700 841
963 438
653 430
579 957
551 743
366 923
883 239
594 150
278 605
45 318
819 811
368 779
963 212
253 428
146 550
719 691
515 581
64 887
393 903
232 249
968 781
401 636
517 582
720 350
521 387
543 758
18 511
860 410
919 839
825 666
137 27
366 326
83 844
119 154
549 599
859 323
237 43
989 988
298 177
47 862
29 319
320 264
892 376
754 377
810 167
498 699
762 860
445 384
304 796
855 725
680 711
226 17
706 359
134 772
16 319
235 965
96 937
972 486
900 347
260 954
209 982
49 697
766 542
32 969
843 275
537 924
573 102
5 906
391 481
412 924
255 304
644 111
515 66
888 358
463 352
267 445
936 828
721 570
439 155
82 116
357 830
196 508
41 745
150 453
867 853
997 750
927 247
452 149
152 233
964 8
57 300
883 120
116 841
214 490
307 692
294 402
284 668
360 42
613 253
718 676
268 433
636 358
530 567
90 78
381 605
293 555
241 234
100 59
307 963
165 481
682 797
275 161
132 254
118 387
246 756
655 194
200 736
442 969
901 78
904 254
578 461
544 325
216 310
624 659
642 757
882 855
442 952
722 812
818 559
800 46
687 150
439 407
678 3
860 930
645 218
597 177
815 238
588 788
862 207
754 492
238 741
830 809
779 809
541 394
585 618
141 60
786 307
974 692
494 962
226 164
13 66
912 943
218 899
992 979
714 32
254 377
535 50
810 735
903 430
452 836
861 32
97 403
997 544
653 276
858 806
287 42
970 872
21 154
727 826
107 695
237 764
680 285
976 628
993 842
580 382
177 261
140 655
192 335
630 740
935 716
239 195
279 820
980 679
55 685
537 214
404 537
416 441
343 214
954 937
232 753
815 872
462 704
854 710
768 61
734 888
868 324
77 919
567 871
54 393
76 209
973 349
685 617
708 926
910 374
609 21
683 72
886 625
993 429
803 883
950 998
313 483
943 347
138 534
948 195
979 359
455 461
957 252
430 356
731 915
230 561
912 306
277 981
507 880
928 936
74 417
658 861
146 102
145 310
420 120
171 818
748 468
491 837
535 86
168 352
796 610
429 7
315 287
970 747
940 661
153 125
472 433
231 780
328 245
241 788
832 677
67 366
708 280
943 723
971 966
662 185
96 224
870 60
229 396
747 451
681 977
422 525
648 166
461 105
334 201
375 999
301 896
985 855
380 927
876 884
552 578
682 657
992 281
353 542
831 304
579 299
650 66
251 795
937 758
612 304
599 26
202 960
159 661
401 433
698 313
147 53
275 104
994 592
332 79
669 72
981 854
164 456
983 296
820 329
356 468
892 230
290 934
238 976
117 513
691 718
982 450
325 564
657 442
218 388
296 326
5 354
545 789
933 134
153 620
833 18
235 984
986 560
889 299
248 413
579 675
654 147
801 749
572 296
184 729
374 348
526 329
857 694
732 550
235 6
642 346
771 98
461 632
45 625
939 936
11 681
893 597
509 364
845 722
791 914
735 706
187 488
776 539
346 221
727 722
211 995
486 100
268 175
396 372
794 419
300 655
372 524
203 136
548 118
144 372
607 661
847 218
831 737
978 87
542 620
524 207
11 996
305 263
56 763
128 792
720 674
721 767
722 80
896 285
257 469
756 407
59 865
103 600
724 740
102 656
124 440
349 246
128 469
573 969
812 391
850 718
389 466
906 204
945 522
293 566
185 405
424 955
298 924
650 201
48 683
643 768
535 790
590 423
756 587
647 740
691 524
982 29
240 274
460 271
187 874
190 883
504 726
321 992
412 473
605 880
397 395
471 894
354 104
468 992
431 220
515 649
978 981
924 467
709 579
486 708
397 109
165 913
978 612
264 446
844 932
571 543
593 879
939 775
357 714
140 160
43 949
36 17
73 800
655 895
706 953
448 937
912 24
552 79
443 110
304 296
512 973
688 205
328 190
202 731
24 663
206 131
466 212
531 872
362 901
235 401
55 426
500 779
715 593
343 495
681 920
868 542
813 139
483 760
33 697
234 362
676 645
628 190
918 590
22 475
290 870
686 474
390 247
158 83
733 965
789 979
872 375
877 762
94 140
788 29
497 74
759 762
981 556
121 918
859 128
933 649
953 75
21 539
212 990
927 731
218 171
325 378
703 96
655 205
590 654
995 190
544 326
655 114
969 991
513 605
878 361
327 29
85 27
714 621
625 62
735 49
853 38
89 206
288 354
1 895
906 512
204 526
106 524
914 381
322 262
776 358
763 502
308 899
221 510
352 371
169 323
577 334
245 488
173 379
374 644
411 394
13 466
624 175
382 179
308 818
628 687
615 867
961 600
131 120
196 307
32 692
197 795
130 193
409 14
448 548
12 157
361 261
452 980
444 528
229 262
638 162
106 83
574 13
956 443
685 19
427 815
444 647
430 598
373 426
861 370
323 127
641 6
8 624
669 464
427 973
787 801
585 724
872 339
600 994
859 783
164 927
769 363
419 654
282 684
601 548
75 565
787 379
695 514
885 944
657 667
177 849
934 329
972 20
242 313
687 515
301 931
51 293
235 576
565 630
750 225
293 288
498 755
939 370
895 637
531 92
97 528
977 596
9 842
191 598
449 147
145 122
825 488
165 119
517 482
829 432
540 5
400 328
4 346
481 403
236 67
246 157
853 427
990 12
629 340
757 783
792 957
425 692
814 318
317 894
943 968
407 576
476 257
907 463
157 890
908 150
487 387
224 217
477 233
150 49
903 397
203 289
861 202
842 225
644 575
558 29
683 603
555 873
148 186
899 217
931 58
898 337
276 493
884 122
409 772
599 721
734 81
552 692
958 592
813 211
157 303
346 280
628 246
150 748
707 225
424 856
882 329
898 738
498 126
405 530
483 494
494 242
280 420
150 783
115 304
428 548
485 469
237 180
130 878
536 149
792 319
772 598
479 139
670 288
892 112
985 274
17 736
913 904
365 16
648 862
540 724
375 475
639 830
189 548
548 939
237 470
791 581
725 449
448 275
129 983
319 560
142 27
645 128
338 702
744 837
52 534
817 995
843 11
130 722
256 793
922 694
522 556
463 842
502 228
503 597
872 479
900 115
554 861
113 443
294 720
965 645
657 92
247 50
491 875
500 380
727 911
156 512
343 902
118 702
677 77
426 990
656 163
123 844
110 870
936 179
629 74
13 363
805 927
457 865
634 675
968 371
490 251
646 556
685 202
138 287
162 393
806 934
515 407
318 540
998 658
626 565
208 924
112 871
461 12
572 972
450 319
513 27
536 420
210 415
693 274
217 585
824 479
609 547
33 111
416 73
878 129
437 453
354 549
191 170
656 811
472 936
808 834
661 470
683 2
702 290
540 649
928 363
912 800
161 380
706 867
38 218
213 64
554 396
627 590
296 404
96 902
445 45
429 744
30 921
706 860
644 266
388 339
212 383
395 681
382 555
398 780
516 87
539 286
964 754
193 350
328 681
624 934
933 10
610 137
4 274
957 404
795 57
838 505
676 492
435 438
204 713
541 189
482 999
504 147
191 989
486 807
32 570
126 270
650 786
813 710
706 950
28 686
568 971
220 198
23 591
439 100
701 881
6 585
188 804
997 522
231 966
625 703
2 928
906 730
120 65
324 203
624 497
589 577
77 429
828 747
845 913
813 121
63 622
779 425
672 839
768 646
955 177
241 684
738 728
816 178
903 927
68 71
537 248
738 843
228 917
618 501
894 350
287 628
509 804
256 200
812 469
669 380
394 330
34 949
627 494
213 141
426 187
180 462
916 442
20 375
740 134
152 679
65 922
835 170
857 486
983 354
311 917
692 139
984 373
759 283
209 475
7 680
114 344
688 535
504 644
395 710
401 154
61 912
423 521
946 502
490 584
308 767
934 159
683 925
334 891
995 927
722 957
83 569
758 412
30 772
855 457
238 747
705 22
84 213
344 186
36 848
18 839
403 771
120 673
282 240
560 72
858 440
762 195
583 307
253 972
266 575
73 15
373 452
637 535
103 223
289 615
201 339
993 223
283 352
233 194
125 468
141 591
551 728
992 17
663 718
847 157
129 184
239 205
573 701
529 703
516 146
725 775
104 879
926 38
342 313
181 245
386 107
63 241
273 631
988 666
772 607
322 732
757 205
63 471
320 855
345 150
293 350
744 76
342 229
184 131
612 195
271 344
740 367
743 696
469 351
877 178
180 450
455 348
575 703
133 488
939 16
156 799
843 255
57 710
478 150
210 560
339 812
670 784
821 652
700 307
539 119
761 203
852 246
434 955
148 765
330 248
79 935
366 406
196 641
876 291
951 275
439 63
775 577
689 768
550 567
917 272
499 449
763 864
183 171
888 15
886 562
983 896
840 146
396 688
114 268
16 526
150 387
188 562
279 741
690 652
513 141
733 874
201 425
370 336
703 662
779 78
234 419
536 329
600 848
696 527
966 771
471 419
608 363
115 333
794 944
688 147
137 403
104 203
926 173
565 883
548 615
308 204
310 918
722 430
669 213
462 589
123 199
512 16
287 58
384 643
170 124
152 671
484 796
964 518
326 980
859 376
74 528
716 423
256 589
703 187
887 142
997 474
905 968
833 246
62 128
193 87
315 421
363 387
978 415
493 764
978 860
170 289
668 32
800 104
468 974
750 140
100 561
31 625
363 161
274 658
723 961
207 336
173 416
890 82
528 689
156 658
179 819
308 981
607 211
496 669
824 51
580 877
183 888
644 766
900 640
740 839
943 802
819 368
13 281
885 255
870 877
898 16
541 948
750 806
721 666
20 681
979 852
428 54
927 28
675 79
846 484
868 612
965 506
767 930
55 358
405 851
389 318
262 68
870 425
820 630
603 366
253 425
96 492
668 674
194 825
621 638
103 683
708 303
349 871
498 99
467 912
104 54
324 571
971 544
990 980
602 204
672 86
119 151
122 937
583 740
425 166
959 801
468 780
557 774
227 127
123 446
964 792
35 816
291 666
847 945
350 123
63 811
175 116
748 858
179 113
36 686
956 790
593 579
154 305
891 802
140 380
307 469
183 702
607 85
97 825
60 171
243 741
286 701
948 586
460 860
120 757
429 171
946 23
221 9
671 699
133 244
20 623
25 471
443 96
447 552
987 623
991 987
776 648
318 991
504 481
39 201
238 886
71 809
956 901
504 791
105 370
826 137
314 209
586 381
708 908
802 890
729 906
176 607
497 821
521 706
647 6
951 679
526 403
399 329
833 705
815 849
543 326
594 672
971 639
73 904
593 193
3 981
502 583
703 872
347 342
460 814
578 294
122 602
303 387
124 188
551 89
535 820
11 584
510 945
648 904
385 806
207 807
254 667
934 434
885 816
226 895
902 924
320 504
302 568
964 749
179 431
408 417
750 186
420 899
533 707
598 126
321 962
126 879
550 253
675 708
919 296
299 919
781 263
178 220
820 339
239 965
700 697
780 870
785 93
205 838
340 431
70 112
861 795
58 600
10 711
140 70
947 366
880 827
643 105
649 725
832 958
705 416
62 871
93 83
157 778
595 401
944 931
466 39
763 839
185 670
685 596
873 352
466 182
193 790
314 607
482 539
441 268
289 832
309 269
997 912
655 766
461 211
686 500
814 553
928 744
893 48
492 751
295 665
792 7
338 971
885 668
711 708
323 159
398 367
950 296
42 317
441 696
635 982
157 28
730 974
125 904
111 341
830 317
461 390
501 617
82 957
489 219
485 512
697 104
91 905
256 610
561 681
263 801
714 685
307 849
181 680
130 938
688 564
781 585
253 505
976 739
933 798
576 565
703 356
173 665
247 808
13 919
401 22
147 726
558 756
481 288
248 533
579 571
84 379
601 23
861 605
753 892
792 469
101 984
223 31
268 465
199 747
455 637
596 141
634 56
672 341
179 839
808 117
849 799
405 265
101 698
338 284
780 459
304 404
140 106
692 527
343 621
71 578
69 677
576 96
908 103
524 255
107 374
609 232
348 116
311 96
719 103
480 36
7 363
988 55
676 106
202 529
21 187
370 623
701 553
686 273
874 47
340 903
721 942
223 798
244 475
63 929
30 186
323 972
430 624
954 118
43 317
63 822
673 966
674 377
785 816
163 996
954 985
99 139
354 829
47 146
640 184
513 942
81 428
638 664
363 838
682 958
740 200
43 104
850 632
778 493
946 891
952 778
837 910
198 660
894 625
91 868
679 95
801 429
833 427
869 317
427 358
173 573
360 771
893 423
930 403
270 176
916 738
259 673
805 493
190 971
836 21
714 705
91 514
990 658
204 227
167 489
740 445
490 579
290 788
40 959
141 821
498 659
912 627
584 784
605 666
821 973
99 237
134 796
818 837
212 468
178 228
127 219
717 701
5 513
784 716
162 848
882 496
994 245
758 90
652 339
377 237
306 147
533 688
809 312
850 468
828 910
433 28
867 216
698 608
917 706
742 345
706 963
305 90
296 66
704 288
997 613
762 474
104 444
36 301
183 142
278 742
484 415
504 309
289 671
590 895
572 215
993 887
868 613
45 314
613 311
232 366
12 532
309 502
990 308
186 355
647 434
209 66
138 206
584 402
124 443
363 917
573 966
704 795
873 884
86 891
509 608
601 665
649 299
43 84
906 346
507 3
324 587
143 17
661 468
422 488
777 207
262 641
599 168
69 877
165 346
54 583
597 327
190 999
1000 303
229 579
804 871
696 104
808 610
991 211
382 734
517 407
408 927
47 184
285 755
202 179
536 687
355 403
856 396
468 82
624 984
643 366
288 714
847 726
367 917
589 936
106 934
696 420
494 917
525 255
175 314
14 636
775 635
451 543
876 356
216 153
888 362
62 987
125 349
114 443
810 793
98 535
851 207
908 116
379 734
163 241
864 355
814 816
12 474
713 163
156 180
953 869
180 571
254 876
367 87
52 301
54 84
234 504
717 509
354 741
975 517
445 538
228 158
548 553
660 99
845 25
601 717
566 157
972 924
664 405
355 866
281 843
263 687
603 152
427 430
783 5
369 147
247 214
48 936
184 344
955 997
706 35
192 803
264 144
818 555
928 87
901 798
416 827
643 428
723 666
830 834
482 52
508 228
273 247
39 968
891 705
841 500
416 537
957 438
263 955
641 957
202 393
652 779
637 819
981 417
620 167
669 867
942 52
494 121
802 731
896 668
499 487
103 217
527 717
514 118
169 254
558 119
483 827
37 652
665 115
205 282
171 662
10 280
873 496
438 482
874 91
654 821
34 130
73 760
2 676
974 22
903 110
263 968
426 554
551 568
241 479
595 972
814 558
587 876
648 760
77 2
426 266
929 241
397 955
608 304
384 778
8 742
506 687
547 655
952 317
881 361
5 199
703 48
464 375
907 567
842 590
712 477
206 900
240 462
626 110
958 70
411 769
195 630
554 435
61 833
84 422
963 637
753 17
468 29
848 811
875 567
892 444
83 727
134 817
411 220
486 560
838 293
531 319
610 220
527 795
745 931
429 976
748 50
287 438
127 183
843 334
738 120
408 757
120 703
193 437
451 697
219 693
3 148
847 319
118 841
605 377
523 941
681 281
150 52
479 944
178 261
415 48
20 544
899 383
12 188
965 226
129 504
612 873
404 822
150 278
979 954
563 571
965 371
859 656
163 137
2 793
320 828
154 972
48 71
729 848
141 706
436 758
864 249
873 192
577 772
282 278
889 538
164 162
2 571
665 361
444 900
33 96
966 61
893 211
266 757
702 555
205 241
372 678
674 88
81 458
602 529
51 828
856 966
268 844
655 864
587 630
894 630
159 532
517 783
609 998
398 372
172 540
928 322
15 118
860 721
829 670
661 306
575 110
63 346
644 798
602 8
678 877
866 389
591 976
260 30
389 958
657 934
934 74
758 270
740 269
189 1
407 206
943 488
800 106
14 468
930 741
753 910
494 668
578 211
28 304
726 859
430 388
895 880
640 946
127 218
255 401
607 76
365 593
631 629
278 200
598 385
446 914
50 427
782 840
952 627
424 204
539 465
568 579
697 801
610 450
5 802
510 3
883 551
222 919
429 103
654 544
602 160
534 74
75 691
945 9
339 262
747 133
361 450
835 368
776 893
284 410
672 830
512 515
595 166
659 261
410 598
103 455
286 61
345 743
436 714
20 905
702 741
816 24
907 435
72 504
650 403
262 981
881 727
772 898
366 105
459 441
918 640
364 634
789 669
96 716
742 599
34 654
665 528
425 283
997 363
502 795
854 492
786 772
782 312
735 315
761 724
118 299
569 839
612 133
795 879
134 735
928 76
285 577
108 420
146 137
44 956
207 528
895 700
36 680
18 975
628 770
477 874
942 716
246 169
672 432
710 280
197 379
179 224
93 999
382 953
379 749
8 91
792 841
925 947
869 738
861 821
296 979
946 513
637 814
271 697
92 357
883 658
19 809
993 470
165 192
996 915
563 804
603 787
433 63
714 408
145 643
24 278
408 459
163 99
715 574
847 21
941 48
112 728
370 436
175 889
880 733
3 680
962 641
537 117
807 489
594 502
498 419
81 201
100 371
29 809
525 612
215 2
892 436
223 631
704 713
713 91
764 825
929 212
531 648
162 253
772 614
392 362
267 602
677 815
185 437
829 996
332 60
631 440
977 817
855 735
468 588
954 611
800 144
319 663
910 270
179 256
551 40
256 567
421 195
691 669
817 874
592 509
91 589
757 612
518 706
705 969
35 814
181 628
661 826
611 483
501 215
781 261
359 281
936 306
23 454
84 208
647 116
753 807
476 394
352 664
353 177
984 461
456 678
697 1000
200 926
957 294
374 415
173 375
999 175
966 444
865 207
560 699
177 205
624 306
75 746
139 137
858 803
362 82
258 313
576 292
447 735
594 743
181 431
680 258
41 712
775 909
262 224
300 51
214 553
22 250
470 903
55 315
737 320
426 376
742 162
944 245
907 507
769 510
882 289
521 589
793 496
924 542
686 613
20 234
68 836
536 14
366 33
830 336
797 441
660 112
859 224
454 708
91 794
674 94
794 893
445 799
695 566
267 727
646 337
49 272
708 554
877 909
716 13
682 141
496 168
704 635
409 242
429 668
564 105
643 634
327 253
221 538
916 558
373 847
284 208
515 692
237 272
717 518
371 608
648 19
540 1
936 302
661 975
395 579
674 177
991 345
762 115
70 82
608 597
311 348
24 902
901 411
616 724
747 122
681 280
184 800
244 144
151 356
619 68
418 757
630 694
261 857
262 418
634 651
637 568
231 779
791 421
188 606
34 83
590 865
670 317
668 955
480 260
978 255
964 62
983 882
430 630
953 459
349 638
632 134
261 396
851 484
673 964
391 889
603 263
915 899
536 332
208 269
744 495
898 766
973 26
349 768
695 150
315 912
744 382
895 733
727 111
697 168
228 368
76 355
665 650
285 169
158 329
200 716
256 465
835 359
514 656
863 285
518 360
977 906
901 82
906 390
545 206
527 458
342 772
678 866
786 384
536 951
167 491
904 187
961 446
544 386
798 539
13 961
978 859
687 769
35 742
596 461
585 596
749 345
307 506
907 138
204 594
61 183
444 33
725 144
728 108
212 69
787 565
334 592
887 636
84 127
329 112
50 138
886 803
568 261
184 828
918 123
597 680
909 860
639 45
966 279
90 10
440 961
239 435
154 783
83 159
448 608
26 520
921 39
894 68
767 990
608 957
236 790
384 183
607 801
205 289
8 867
760 104
813 162
855 363
660 363
185 845
632 162
449 576
358 656
141 886
681 833
388 997
135 344
552 730
129 903
96 606
849 112
8 720
997 136
946 906
696 669
53 96
536 70
350 546
5 141
99 766
564 412
33 220
56 171
4 843
173 940
288 14
159 773
915 91
994 736
170 494
816 564
601 770
85 145
433 656
199 105
790 820
98 825
170 369
265 643
471 885
735 216
153 674
943 399
909 299
74 356
536 689
443 697
390 864
463 820
549 917
628 946
641 855
1 560
109 559
991 657
409 283
836 726
162 997
330 319
227 909
502 319
638 425
896 690
738 259
582 581
394 355
847 20
595 103
335 800
248 122
103 260
456 71
183 236
496 888
794 307
724 944
564 909
50 611
287 850
37 871
722 49
393 715
567 443
559 117
366 155
849 195
498 51
225 745
411 616
375 859
233 806
34 945
452 448
772 615
149 480
940 301
445 905
742 993
964 443
750 492
498 789
271 999
450 80
420 680
555 31
93 131
958 168
987 865
341 170
952 1
331 76
479 92
342 844
147 846
442 834
609 696
134 696
303 83
401 47
354 9
28 202
670 681
915 141
251 499
605 704
862 177
431 749
645 341
560 516
178 387
534 993
697 638
713 660
296 33
509 435
559 96
414 347
844 586
724 16
818 109
925 775
804 424
112 392
511 272
663 119
761 269
957 662
463 477
193 713
488 743
288 905
128 520
201 198
206 369
23 901
966 351
571 141
438 132
975 423
780 151
750 989
955 155
25 669
813 89
45 908
528 215
922 499
281 489
599 697
102 883
858 501
162 60
510 532
650 473
682 252
639 36
214 264
587 878
659 621
271 883
293 919
613 222
579 450
502 567
177 618
90 189
971 540
498 166
81 470
105 472
640 509
489 569
825 55
863 683
664 499
722 601
488 383
470 435
972 17
540 717
833 381
797 218
731 346
489 859
921 978
448 268
247 180
754 296
518 687
460 419
902 526
127 339
237 271
754 443
592 290
131 190
630 366
499 792
812 799
140 432
820 306
989 198
117 506
636 554
749 261
880 124
604 643
408 759
745 818
340 462
586 418
101 679
727 855
18 585
576 99
406 160
580 555
410 303
528 390
433 70
828 329
136 787
713 31
16 825
328 251
435 769
194 668
589 561
766 20
966 714
491 758
699 77
827 112
719 902
903 63
228 995
286 199
112 880
884 246
6 198
154 637
716 543
92 164
916 169
612 728
522 288
797 378
300 310
604 868
253 370
826 154
440 465
976 771
780 822
194 832
466 733
507 395
200 497
369 494
702 440
789 37
355 815
156 260
105 436
125 937
255 974
716 332
735 432
920 300
445 802
44 906
485 545
26 397
99 419
946 600
485 690
264 282
626 432
40 531
907 753
207 649
770 599
688 723
726 127
484 638
696 62
826 113
558 676
846 794
578 190
227 468
49 948
302 486
415 589
96 286
352 611
443 668
498 737
550 104
100 573
247 958
450 604
490 657
64 198
28 417
433 311
537 905
746 625
92 643
112 321
554 632
316 347
852 389
690 104
343 626
609 152
10 621
447 560
841 125
236 625
590 672
206 169
547 303
270 906
966 679
969 129
608 975
898 159
883 327
952 653
442 3
225 369
49 163
12 305
729 769
380 731
255 67
665 41
426 543
287 782
733 842
534 756
183 478
542 131
708 175
346 104
685 649
341 947
185 415
459 264
170 205
394 437
677 666
553 900
955 573
497 46
800 827
950 314
108 640
554 486
863 368
4 987
411 971
229 576
655 100
346 684
39 707
479 392
635 110
393 469
491 310
99 189
335 72
930 775
758 411
316 170
579 756
692 357
17 3
730 976
533 360
744 580
230 755
340 407
469 629
58 576
442 483
813 688
418 600
97 31
854 974
435 603
266 919
305 123
141 469
384 374
96 64
81 924
818 315
220 879
589 636
92 52
441 500
885 497
903 246
977 27
11 6
261 789
529 581
435 998
534 438
242 760
918 977
814 678
964 119
231 560
417 580
419 442
332 969
812 67
721 272
569 722
881 608
272 712
57 422
294 405
186 258
523 129
433 100
798 5
301 595
512 446
161 64
876 969
149 495
133 938
924 939
717 220
4 665
647 689
834 856
507 32
554 331
132 229
192 536
122 969
230 112
911 125
90 363
164 726
923 794
299 749
139 912
543 902
782 202
416 975
806 252
293 391
42 153
830 246
759 52
282 936
623 601
726 935
697 675
237 298
863 10
973 758
481 280
8 152
249 292
545 983
14 402
829 766
870 749
227 381
654 162
179 254
571 704
457 480
809 91
316 61
779 959
276 293
709 947
505 349
359 78
92 331
679 795
850 411
415 973
718 418
41 556
262 452
923 410
853 889
418 862
182 239
883 398
423 519
791 387
940 831
962 771
444 558
67 701
748 247
694 330
991 840
582 577
428 250
374 858
456 243
609 275
42 628
777 767
181 335
509 850
293 773
518 639
116 948
752 928
162 172
495 272
51 211
854 729
661 839
30 399
775 339
542 106
212 905
618 756
949 108
509 549
935 9
902 850
959 135
800 756
494 314
441 686
354 345
941 777
99 917
548 957
551 462
535 965
186 858
789 82
726 80
54 865
263 304
481 715
501 312
730 270
948 377
87 671
346 535
826 3
131 161
761 492
389 633
835 713
913 119
87 324
2 398
866 177
848 588
867 248
181 855
128 93
198 10
515 852
697 921
644 880
222 156
754 513
248 503
364 437
899 66
641 91
339 17
488 693
698 584
805 788
537 718
136 901
407 927
654 587
503 947
272 197
185 740
239 409
533 362
560 552
63 719
49 53
927 406
987 427
778 84
797 934
817 40
949 539
253 190
110 537
736 88
699 76
704 486
115 361
351 967
759 997
210 290
138 71
871 987
508 195
110 379
94 924
205 29
225 679
699 575
413 112
34 903
580 150
333 441
1000 138
989 814
308 224
281 663
32 283
394 414
696 882
589 177
534 954
994 619
333 667
392 179
925 503
178 604
363 600
532 335
751 837
934 367
388 71
670 437
213 438
83 918
834 824
105 870
201 615
381 977
644 167
403 755
942 580
729 57
503 418
568 505
736 875
588 964
693 243
762 947
725 45
935 127
433 421
880 10
687 97
268 497
344 887
758 220
788 153
112 243
5 926
853 314
875 158
126 276
219 658
112 322
5 815
867 865
174 110
50 136
468 399
608 738
496 624
707 758
597 694
68 292
641 644
535 224
295 639
222 549
176 973
513 450
722 574
115 240
577 987
542 599
836 176
196 23
110 565
148 210
499 254
588 382
619 48
269 167
68 105
34 201
450 925
462 353
944 32
883 21
25 939
924 721
137 289
555 968
132 492
426 193
824 973
121 899
952 265
994 734
185 414
490 65
830 366
657 724
512 241
716 369
167 171
26 781
8 304
65 801
469 79
271 249
185 376
591 768
995 139
564 188
773 936
260 253
557 769
89 244
530 143
799 825
321 874
782 9
536 691
870 710
905 450
810 659
303 927
162 319
1000 381
255 718
47 410
375 367
602 559
260 29
166 572
443 921
316 393
174 27
639 237
36 24
866 859
288 793
382 233
20 628
296 756
119 974
266 916
125 345
629 217
336 592
380 649
144 343
456 73
789 137
25 244
941 446
284 839
807 729
106 393
713 167
676 820
555 708
491 300
505 877
234 341
807 490
755 909
226 883
870 334
158 90
200 300
669 374
137 349
452 450
132 448
777 781
707 76
467 947
360 161
967 518
402 954
955 682
526 515
229 897
42 100
905 34
561 640
247 61
342 211
38 248
576 703
77 606
351 3
691 670
530 352
986 814
143 279
96 952
354 148
965 445
428 927
251 260
790 577
863 117
943 94
596 400
389 516
251 501
256 967
946 210
398 925
383 97
221 326
168 110
791 990
575 615
550 404
636 631
505 499
196 926
532 810
339 116
822 611
840 72
385 444
280 582
695 286
177 194
189 654
678 242
14 975
571 286
440 780
706 775
158 762
676 115
315 461
154 837
543 237
581 58
181 428
435 852
721 687
618 49
65 273
720 609
239 203
777 766
580 245
105 19
158 39
31 319
125 48
509 849
366 202
93 530
480 601
959 339
637 85
113 665
989 600
39 241
427 83
212 795
